9
0 68 35 1 70 25 79 59 63 
68 0 65 6 46 82 28 62 92 
35 65 0 96 43 28 37 92 5 
1 6 96 0 3 54 93 83 22 
70 46 43 3 0 17 19 96 48 
25 82 28 54 17 0 27 72 39 
79 28 37 93 19 27 0 70 13 
59 62 92 83 96 72 70 0 68 
63 92 5 22 48 39 13 68 0 
